D_pop,0.0767559,-2.01952e-07,-0.0141502,-0.0458256,-0.000478493,-1.11564e-08,-0.0142204,0.000143129,-3.70539e-05
B_pop,-2.01952e-07,8.4124e-11,-1.27178e-06,1.5554e-05,-7.22293e-08,3.91425e-12,-8.92669e-07,-8.72e-08,2.30903e-08
Time0_pop,-0.0141502,-1.27178e-06,2.93126,-0.0674161,0.0231175,-2.32182e-08,0.998288,0.012964,-0.00356582
omega_alpha,-0.0458256,1.5554e-05,-0.0674161,41.3911,0.00731005,5.61227e-07,0.0913683,-0.00071031,-0.000233737
omega_D,-0.000478493,-7.22293e-08,0.0231175,0.00731005,0.0390276,-3.35323e-09,0.0202969,0.00124258,-0.000335161
omega_B,-1.11564e-08,3.91425e-12,-2.32182e-08,5.61227e-07,-3.35323e-09,1.15009e-12,2.86148e-09,-4.3024e-09,1.18133e-09
omega_Time0,-0.0142204,-8.92669e-07,0.998288,0.0913683,0.0202969,2.86148e-09,2.34564,0.0103823,-0.00290821
a,0.000143129,-8.72e-08,0.012964,-0.00071031,0.00124258,-4.3024e-09,0.0103823,0.0058637,-0.00132635
b,-3.70539e-05,2.30903e-08,-0.00356582,-0.000233737,-0.000335161,1.18133e-09,-0.00290821,-0.00132635,0.000354745
