D_pop,0.0758876,-1.37304e-06,-0.0132924,-0.0136215,-0.000421741,-7.80272e-08,-0.0141166,-0.000141387,4.58673e-05
B_pop,-1.37304e-06,3.93599e-08,8.9007e-05,0.000222156,7.10831e-06,6.66634e-10,0.000110315,4.43044e-06,-1.33829e-06
Time0_pop,-0.0132924,8.9007e-05,3.23254,0.223821,0.0288906,1.78985e-06,1.38009,0.0158575,-0.00475229
omega_alpha,-0.0136215,0.000222156,0.223821,35.8544,0.0509388,-1.16775e-06,0.450622,0.0334488,-0.010444
omega_D,-0.000421741,7.10831e-06,0.0288906,0.0509388,0.0403026,1.60748e-07,0.0307604,0.00174849,-0.000498129
omega_B,-7.80272e-08,6.66634e-10,1.78985e-06,-1.16775e-06,1.60748e-07,2.66818e-10,2.54356e-06,6.23996e-08,-2.01062e-08
omega_Time0,-0.0141166,0.000110315,1.38009,0.450622,0.0307604,2.54356e-06,3.04357,0.0166313,-0.00515911
a,-0.000141387,4.43044e-06,0.0158575,0.0334488,0.00174849,6.23996e-08,0.0166313,0.00614131,-0.0014151
b,4.58673e-05,-1.33829e-06,-0.00475229,-0.010444,-0.000498129,-2.01062e-08,-0.00515911,-0.0014151,0.000383641
