D_pop,0.0843013,1.63046e-06,-0.0202383,0.0023321,-0.000117572,1.17399e-08,-0.00942502,-0.000156423,4.03481e-05
B_pop,1.63046e-06,2.81868e-08,0.000310253,0.000116404,-3.82419e-07,1.00038e-09,0.000950066,7.04989e-08,-1.26618e-08
Time0_pop,-0.0202383,0.000310253,25.3727,-0.474858,0.0499738,3.0533e-05,27.7394,0.0309645,-0.00828817
omega_alpha,0.0023321,0.000116404,-0.474858,35.9027,-0.00461295,-1.54225e-05,1.62778,-0.00141448,0.000467256
omega_D,-0.000117572,-3.82419e-07,0.0499738,-0.00461295,0.0425507,1.51656e-07,0.113593,0.00107664,-0.000289115
omega_B,1.17399e-08,1.00038e-09,3.0533e-05,-1.54225e-05,1.51656e-07,1.0786e-09,9.03063e-05,9.75488e-08,-2.57896e-08
omega_Time0,-0.00942502,0.000950066,27.7394,1.62778,0.113593,9.03063e-05,91.5918,0.086143,-0.0226919
a,-0.000156423,7.04989e-08,0.0309645,-0.00141448,0.00107664,9.75488e-08,0.086143,0.00536026,-0.00121946
b,4.03481e-05,-1.26618e-08,-0.00828817,0.000467256,-0.000289115,-2.57896e-08,-0.0226919,-0.00121946,0.000332688
